[System][0]
SerialDevice=/dev/ttyS0
SerialBaudrate=115200
CurrentDirectory=/home/pi/Desktop/Projects/Sqeak/
SaveFileDirectory=/home/pi/Desktop/Projects/Sqeak/

[Viewer][0]
ToolpathFeedColour=0.694,0.063,0.048
ToolpathFeedZColour=0.843,0.612,0.068
ToolpathRapidColour=0.154,0.734,0
ToolpathHomeColour=0.16,0.396,0.722
BackgroundColour=0.45,0.55,0.6

[Viewer-Elements][0]
PointSize=3.000000
PointColour=0.615,0.81,0.219
PointColourActive=0.815,0.5,0.419
LineColour=0.246,0.246,0.246
LineColourDisabled=0.44,0.44,0.44

[Viewer-Axis][0]
Size=50.000000

[Viewer-Grid][0]
Position=0,0,0
Size=1200,600
Spacing=100.000000
Colour=0.6,0.6,0.6

[Viewer-Spindle][0]
ToolColour=0.698,0.127,0.127
ToolHolderColour=0.294,0.294,0.294
ToolColourOutline=0.1,0.1,0.1

[PathCutter][0]
CutTabs=1
TabSpacing=50.000000
TabHeight=4.000000
TabWidth=8.000000
CutOverlap=1.000000
PartialRetractDistance=1.000000
QuadrantSegments=30

